日期 : 2026-01-22
###年內獲利績效排序####
區間:2025-02-25~2026-01-21
|總|總__|多|多__|空|空|
|次|利__|次|利__|次|利|
|數|潤__|數|潤__|數|潤|_品種
 12 307   8 202   4 151    費半正3
  8 193   5 154   3 125     美超微
  8 179   6 106   2 168   能源XLE
  9 171   5 137   4 125     英特爾
  9 142   8 135   1 105     WMT
  3 137   2 107   1 127    那指正3
  6 132   5 126   1 104     AXP
  7 131   6 130   1 101      GE
  5 129   5 129   0 100     PFE
  7 128   3 119   4 107     MRK
  9 125   8 123   1 101     JPM
 10 122   8 115   2 105      臉書
  7 122   7 122   0 100     日經指
  2 121   2 121   0 100     南韓指
  9 121   7 115   2 105      HD
  8 120   8 120   0 100     XOM
  2 117   1 112   1 104     DIS
  8 116   7 114   1 101    CSCO
  7 115   4 116   3  99     特斯拉
  4 114   3 107   1 105   納指QQQ
  1 113   1 113   0 100      微軟
  1 113   1 113   0 100    美光MU
 10 112  10 112   0 100     CVX
  2 112   2 112   0 100     CAT
  8 112   6 107   2 104      蘋果
  8 111   8 111   0 100     亞馬遜
  6 111   6 111   0 100      DD
  6 111   5 109   1 101      谷哥
  9 111   7 103   2 108      VZ
  8 110   5 110   3 100    美債反3
  5 107   5 107   0 100     台灣指
  3 106   2 103   1 103     MMM
  4 106   4 106   0 100   生技XBI
  4 106   3 105   1 101   醫保XLV
  5 106   4 104   1 102     TRV
  3 105   3 105   0 100   標普500
  5 105   4 107   1  97   公用XLU
  3 105   2 103   1 102     NKE
  1 105   1 105   0 100     英偉達
  6 105   5 101   1 103     MCD
  1 105   1 105   0 100      BA
  3 103   3 103   0 100      PG
  1 103   1 103   0 100   台積ADR
  6 102   5 100   1 101     IBM
  4 102   4 102   0 100     JNJ
  8 101   7 105   1  96      KO
  1 101   1 101   0 100      GS
  5 101   5 101   0 100     美元指
  4 101   4 101   0 100   WTI原油
  8 101   8 101   0 100   工業XLI
  1 100   1 100   0 100   消費XLP
  0 100   0 100   0 100     UNH
  7 100   7 100   0 100    美債正1
  3 100   3 100   0 100      費半
###年內虧損績效排序####
區間:2025-02-25~2026-01-21
|總|總__|多|多__|空|空|
|次|利__|次|利__|次|利|
|數|潤__|數|潤__|數|潤|_品種
  6  99   6  99   0 100   金融XLF
  1  99   1  99   0 100   金礦XME
  6  98   3  99   3  99     特斯拉
  6  98   6  98   0 100       V
  2  98   2  98   0 100      GS
 11  98  10  99   1  98   地產IYR
  7  97   6  96   1 101     IBM
 10  96   7 102   3  93   羅素IWM
 11  94   9 100   2  93   道瓊DIA
  3  12   2  12   1 104      奈飛
