日期 : 2026-01-23
###年內獲利績效排序####
區間:2025-03-07~2026-01-23
|總|總__|多|多__|空|空|
|次|利__|次|利__|次|利|
|數|潤__|數|潤__|數|潤|_品種
  7 132   7 132   0 100      廣達
  7 131   7 131   0 100      華碩
  6 123   4 108   2 113     聯發科
  2 113   2 113   0 100     日月光
  1 113   1 113   0 100      鴻海
  4 112   3 106   1 105    街口黃豆
  4 112   4 112   0 100    元黃金正
  3 111   3 111   0 100     台積電
  6 110   3 103   3 106     富邦金
  6 110   5 112   1  98   泰美債正2
  6 110   5 108   1 101      統一
  5 108   4 104   1 104      聯電
  1 108   1 108   0 100  元台50正2
  1 107   1 107   0 100     玉山金
  1 105   1 105   0 100     富日本
  3 104   2 101   1 103     台塑化
  6 103   4 100   2 102     元大金
  3 103   3 103   0 100    元黃金反
  1 103   1 103   0 100     台達電
  1 102   1 102   0 100    富台50
  1 102   1 102   0 100   元全球AI
  1 101   1 101   0 100     國泰金
  0 100   0 100   0 100    國泰費半
  5 100   5 100   0 100     元美元
  0 100   0 100   0 100   元台50反
 10 100   8 110   2  90     元石油
###年內虧損績效排序####
區間:2025-03-10~2026-01-23
|總|總__|多|多__|空|空|
|次|利__|次|利__|次|利|
|數|潤__|數|潤__|數|潤|_品種
  7  99   5 100   2  99    元美債反
  3  99   3  99   0 100    元日圓反
  4  99   4  99   0 100     街口銅
  5  97   4  96   1 101     元白銀
  1  95   0 100   1  95     中信金
  2  86   0 100   2  86      長榮
  3  28   3  28   0 100    元台50
