日期 : 2025-12-16
###年內策略累計勝率統計####
___買策略|次數|勝率|獲利率
Total綜合 131 0.697 104.3
 Long做多 106 0.208 102.2
Short做空  25  0.52 101.8
OSC多 10  20   0.5  99.2
OSC多 11   0   0.0 100.0
CUR多 20  30 0.233  99.7
EFI多 21  19 0.263 100.2
EMA多  5   0   0.0 100.0
OSC空-10   0   0.0 100.0
OSC空-11   0   0.0 100.0
CUR空-20   0   0.0 100.0
EFI空-21  15 0.467 100.7
EMA空 -5   0   0.0 100.0
###年內策略單次勝率統計####
___買策略|次數|勝率|獲利率
Total綜合 131 0.672 0.012
 Long做多 106  0.66 0.008
Short做空  25  0.72 0.027
OSC多 10  20  0.85 -0.01
OSC多 11   0   0.0   0.0
OSC多 12  18   1.0 0.018
OSC多 13  19   1.0  0.03
OSC多 14   0   0.0   0.0
CUR多 20  30 0.333   0.0
EFI多 21  19 0.316 0.008
CUR多 22   0   0.0   0.0
EFI多 23   0   0.0   0.0
EFI多 24   0   0.0   0.0
OSC空-10   0   0.0   0.0
OSC空-11   0   0.0   0.0
OSC空-12   5   1.0 0.032
OSC空-13   5   1.0 0.041
OSC空-14   0   0.0   0.0
CUR空-20   0   0.0   0.0
EFI空-21  15 0.533  0.02
CUR空-22   0   0.0   0.0
EFI空-23   0   0.0   0.0
CUR空-24   0   0.0   0.0
