日期 : 2025-12-24
###年內策略累計勝率統計####
___買策略|次數|勝率|獲利率
Total綜合 132 0.636 104.0
 Long做多 108 0.185 101.9
Short做空  24   0.5 101.6
OSC多 10  19 0.526  98.9
OSC多 11   0   0.0 100.0
CUR多 20  32  0.25 100.0
EFI多 21  23 0.261 100.2
EMA多  5   0   0.0 100.0
OSC空-10   0   0.0 100.0
OSC空-11   0   0.0 100.0
CUR空-20   0   0.0 100.0
EFI空-21  15 0.467 100.8
EMA空 -5   0   0.0 100.0
###年內策略單次勝率統計####
___買策略|次數|勝率|獲利率
Total綜合 132 0.652  0.011
 Long做多 108 0.639  0.007
Short做空  24 0.708  0.025
OSC多 10  19 0.789 -0.015
OSC多 11   0   0.0    0.0
OSC多 12  16   1.0  0.017
OSC多 13  18   1.0  0.031
OSC多 14   0   0.0    0.0
CUR多 20  32 0.375  0.004
EFI多 21  23 0.348  0.006
CUR多 22   0   0.0    0.0
EFI多 23   0   0.0    0.0
EFI多 24   0   0.0    0.0
OSC空-10   0   0.0    0.0
OSC空-11   0   0.0    0.0
OSC空-12   4   1.0  0.019
OSC空-13   5   1.0  0.041
OSC空-14   0   0.0    0.0
CUR空-20   0   0.0    0.0
EFI空-21  15 0.533  0.022
CUR空-22   0   0.0    0.0
EFI空-23   0   0.0    0.0
CUR空-24   0   0.0    0.0
